0.751366
6.34452
4.68916
5.22206
1.69362
2.4148
4.47747
-1.5609
4.58417
-1.37835
1.57484
5.09484
0.594205
-0.000509147
8.88157
0.948475
1.1412
4.07726
2.95964
-0.533579
-0.915677
4.55314
3.73792
1.16202
1.76264
1.59918
4.00687
5.24494
5.20709
1.57775
2.26641
-1.34151
3.21553
6.66084
0.480649
3.70605
1.9898
5.46921
1.96101
1.77157
1.77643
4.99256
7.53104
0.0072768
4.98537
7.5934
5.98194
3.44142
1.63716
3.38852
3.00731
0.619634
-3.33102
1.44362
0.501987
1.09147
2.21464
6.25665
3.81591
3.92015
4.33844
1.51583
4.60294
1.07202
6.87063
4.11651
3.87402
4.66862
0.635623
-0.00598967
2.19098
1.54851
4.48848
2.51552
2.96925
2.47833
1.94552
1.22338
2.41887
7.94015
5.29967
5.71533
2.60426
0.318889
4.71762
1.77164
4.33518
5.8707
-0.029842
1.70924
5.37775
0.739069
3.8962
4.2085
0.464043
5.79877
5.67493
4.77863
-0.235846
-1.47092
1.98391
1.52259
2.95025
2.2668
4.88968
3.01517
5.26968
4.12451
3.68291
3.40198
6.87484
4.10293
-0.439063
6.23239
-0.0852965
0.52062
0.0347479
6.30079
3.19478
-0.156699
1.62482
4.20032
-2.03445
2.95939
0.356751
0.24753
3.21827
2.58168
2.81336
-0.285742
3.60421
2.23327
-3.03647
5.112
2.75884
1.48253
-1.02468
0.609791
-1.1023
11.6892
8.13036
2.85641
3.69473
3.05888
-4.88213
1.38562
2.09563
1.78581
-3.6563
0.91925
4.24016
3.55313
3.36198
6.45751
2.41461
0.561814
3.50324
4.63161
4.42853
3.1281
9.12343
3.31238
3.66944
6.54885
1.97106
4.29588
3.65853
3.18473
2.24833
3.27162
4.1167
3.45879
3.37345
-1.27714
1.6209
-0.798841
3.92213
8.22325
1.46262
-1.27143
6.71135
-0.228744
6.10665
-4.0934
5.22761
2.1371
1.61387
3.07248
5.7911
0.634784
8.19575
0.552561
1.22729
4.30783
7.42255
-0.0169831
4.49764
3.9316
1.76802
0.361061
2.0331
6.04783
5.13491
-2.27785
1.64078
6.08148
7.85358
3.62715
2.45548
3.34969
3.12791
3.6585
2.45218
3.02084
2.20732
6.75861
3.27327
4.0534
1.77364
1.74388
7.61283
6.29983
3.05332
1.80722
4.71125
0.876756
2.32443
2.47476
5.22218
-0.0286582
3.42566
3.47289
4.85867
4.69925
4.96183
6.74205
2.43102
5.7308
-0.326679
4.62734
0.770231
3.42698
3.6682
-5.80861
3.66037
5.38599
3.57131
2.6177
0.545316
3.21532
1.00818
7.14088
5.32771
0.853942
4.89786
3.06918
2.60101
2.40111
3.41432
5.88
4.00391
6.03292
5.33441
-0.19653
0.568182
-0.0965834
6.93777
2.33005
4.91974
0.484297
3.50721
5.42405
3.54551
5.76024
4.51686
4.23855
0.298196
5.38599
4.78923
-0.331416
3.68506
4.26388
6.61213
2.63434
8.14568
5.12228
1.90937
5.16803
-0.246485
6.7302
3.57696
3.47731
3.86852
3.48347
6.21175
5.39918
3.09438
4.18957
2.69257
-2.59313
0.655373
3.29732
3.50819
3.59576
-0.601579
4.31422
1.11497
8.40422
0.964145
8.57979
4.84247
2.05523
1.9781
-3.90716
3.92378
2.96547
0.0316442
1.27125
-0.56755
4.699
3.86368
2.40465
1.32099
1.36155
4.8715
3.87096
5.42744
1.56088
4.13482
6.7684
2.35993
-0.210193
3.96224
1.15586
3.4153
3.21301
7.12896
-0.992275
5.46501
5.23364
2.62697
1.96729
4.17452
1.95097
7.25667
1.62514
1.38116
3.87788
10.4069
0.90138
2.72571
0.483724
2.70461
3.69076
2.88751
1.33007
2.18242
2.89975
6.35988
-0.437532
3.34346
1.45652
6.51964
3.59596
6.15434
2.2598
2.45338
5.55206
0.347737
1.48479
1.3233
3.4281
4.4764
3.57568
3.25525
1.31381
7.3221
0.580824
3.21345
1.0317
3.88841
0.102667
5.47606
1.48021
3.69538
-0.177999
-0.665966
3.18068
2.67786
5.18232
3.42011
3.70668
-0.512658
4.38759
3.57472
3.04881
4.55397
0.288382
3.37844
2.14375
2.48756
0.517566
2.81517
0.669003
10.4896
1.39979
2.97579
2.97545
5.52159
4.89661
2.92891
3.86152
0.355871
-0.115899
5.02436
4.19808
4.82798
6.51402
4.43117
2.36936
2.38132
3.59736
6.0794
2.3678
6.08558
3.39062
0.112006
4.31531
3.18974
-0.949982
3.27983
5.38475
3.73237
3.38492
2.05448
4.62784
5.03824
1.52415
1.64795
3.91931
2.6747
2.37947
2.83214
6.07823
3.36019
3.78063
1.97784
6.72448
0.430592
3.66959
1.09587
4.88835
10.5377
2.71655
-0.174879
-2.43493
7.90804
0.370938
7.57082
3.2545
9.52665
-1.29333
5.67539
0.530472
7.63178
1.66792
4.64114
2.49339
3.31451
3.60511
4.85908
3.9294
3.76981
4.41059
4.91252
1.84745
1.2251
4.88664
2.20495
1.51483
5.10947
4.88371
7.15861
-0.590022
6.30621
5.73662
4.46389
4.57811
-1.10085
6.09426
4.56116
7.0192
3.46371
3.84854
5.89931
1.84068
0.816567
6.52415
5.78611
4.16871
5.68556
1.73972
5.18748
2.30015
2.23309
4.79101
10.7292
1.7094
6.56059
5.96954
3.67218
-0.933717
1.17003
1.08984
3.88652
3.09451
-0.227019
2.28532
0.231556
3.18328
2.21884
0.543333
3.43998
7.96639
3.31263
2.55553
3.63919
2.75569
-1.53056
5.76007
8.7154
5.78613
5.76838
4.74234
6.26576
4.45638
0.269398
2.00861
2.02547
3.43645
0.664788
4.20911
2.53553
1.61328
-2.40917
-0.334964
2.06051
2.40164
3.79378
9.06413
2.57102
-0.00280807
4.56972
1.22432
2.54375
2.24447
4.91658
1.85033
2.5089
2.87007
2.03501
2.26605
2.78442
5.61619
6.47189
2.68057
3.17822
0.465197
3.5524
1.94727
2.92207
6.09181
0.0583232
3.54969
4.33793
2.81494
7.56405
3.47382
4.15922
3.34665
-0.39433
5.12755
2.6695
-3.93722
3.57092
2.24593
0.90328
2.90208
-0.0561886
1.329
2.44357
3.68041
-1.22675
-2.57233
1.15391
5.14923
4.37333
4.36531
2.92617
4.29746
3.40429
5.86121
7.36935
5.67616
4.04144
0.466132
-0.810906
2.30067
4.93506
4.04903
6.77064
-0.137901
4.09298
2.20287
3.84005
4.58315
3.31319
2.61717
6.10691
3.07738
6.22273
5.62428
2.8837
5.55189
4.62964
1.33525
2.33129
2.53892
4.73454
3.45738
3.3654
-0.684207
2.48362
0.940901
6.25062
2.65077
3.97102
1.83417
5.57449
1.95705
1.53397
3.17887
1.93787
4.189
-0.552206
-1.30176
3.4222
0.762816
5.30911
-0.933292
0.169918
1.5738
-0.239927
4.3531
5.35053
3.2843
1.26329
0.51676
3.37467
-1.19148
1.35019
4.52152
9.2094
3.91359
0.402077
1.43725
3.02167
2.03644
3.31107
2.2727
0.500359
4.39959
2.00413
2.39032
-0.393077
0.867622
4.68084
-3.47562
3.93167
4.78695
3.68381
3.39503
4.86827
1.1428
5.92785
2.6067
4.55998
-1.08487
2.61407
1.92244
-0.311993
0.761642
1.97595
6.00508
3.00994
4.37115
6.54258
-0.16077
4.52419
1.58605
4.03342
0.957321
7.26643
4.00787
6.67078
4.59679
3.1118
4.90215
0.125185
5.15693
1.43744
7.11075
5.65291
7.8589
2.20399
5.8229
3.28395
3.28224
1.41993
1.39078
3.18666
3.23677
3.68958
6.48575
1.77903
-0.400673
7.13614
4.79933
5.91609
1.36777
0.348117
2.2523
4.10862
0.567211
5.11022
6.70674
4.04732
-0.0758769
1.21973
0.353919
1.89898
2.87171
2.72592
6.77473
3.34635
4.54035
2.48766
1.00345
5.83948
7.54115
4.40232
7.23507
1.21927
6.12115
2.99769
4.15248
6.6418
0.261007
2.6973
0.264727
2.3786
5.94628
4.0052
6.01849
5.25959
4.28531
3.34559
3.17199
2.10883
2.53464
-0.460909
1.91378
4.11384
3.93275
-1.19634
7.15703
6.46125
4.11452
4.01561
5.55727
6.41412
6.99848
8.8821
3.17695
-0.116662
5.6679
4.6595
1.44556
2.81704
0.976525
2.35422
3.58549
0.764397
4.17631
0.754988
9.66665
3.32315
1.00524
6.16126
6.28809
1.68537
10.6958
5.53399
4.80289
7.01687
1.02202
1.14123
8.31305
-1.07437
4.31035
-0.0549494
5.59476
3.12535
2.70743
0.00891341
3.82091
4.1343
6.07409
2.96959
2.24735
-3.97633
3.45652
2.10248
3.561
3.24378
1.15576
2.93698
5.90619
2.29786
3.25769
8.44632
3.12872
7.73003
5.59362
1.20359
1.00492
2.27133
5.45145
1.55276
2.10043
3.3844
4.51368
4.98618
2.61599
2.98594
4.3443
-0.321931
3.12883
6.78135
6.25505
-0.462671
1.82015
1.18822
4.09782
0.132288
6.74379
1.84554
3.27317
-0.2783
3.64043
3.00254
3.97932
4.28964
-3.3512
8.07577
4.31266
5.18089
-3.06917
-0.15947
6.11282
6.71584
0.832213
4.79825
2.94871
3.53232
-0.267477
2.25863
6.95914
-1.44932
5.88147
0.568392
0.802487
4.05475
-0.830934
4.38223
6.65184
2.17946
2.65628
9.63045
1.43013
-2.61344
4.88493
3.45609
4.94539
7.28659
2.92047
3.71412
4.11872
5.58882
3.10786
3.99741
0.284781
2.34184
5.49504
7.38316
3.90284
2.76811
4.32132
2.27319
2.70734
3.47843
3.19502
6.60759
3.62316
11.1802
1.26033
2.72966
4.8172
2.05464
2.7338
4.29108
7.21146
3.84568
7.42656
0.828309
5.12732
4.07166
7.11958
2.04016
2.66506
0.578724
-0.579549
2.71522
5.82023
10.8022
-2.59026
1.29584
5.05237
7.46539
2.31056
3.88254
7.99333
6.84161
0.0137769
0.109105
1.42751
2.79258
1.48695
4.49566
5.06195
7.06469
3.50334
5.13635
4.42678
2.77137
2.27813
4.60533
1.51332
3.9495
4.61537
0.875092
2.04081
4.55426
4.98098
6.36021
2.18518
3.28906
6.131
0.388573
1.06115
4.73997
3.35489
3.94413
3.9132
0.704453
3.48918
2.24024
6.19408
4.88339
3.2389
-0.0301936
1.67264
2.58965
4.90986
1.88891
-0.232664
-0.163378
3.7464
7.82595
4.2707
0.791063
2.96861
3.18496
2.47278
2.56232
-0.566505
4.01512
3.85906
0.739037
-0.0225463
