0.880964
3.47822
4.48804
2.04224
1.9793
-0.385462
0.416027
-1.08528
2.14008
1.97466
3.43071
1.61596
3.59439
4.09534
3.2033
2.69094
1.99483
3.1556
5.6383
8.82819
-2.81833
12.2745
-0.908246
0.444326
4.88505
5.67946
-0.119911
2.83463
2.56036
4.34651
7.84105
3.36066
2.94374
9.36269
1.86493
2.3726
3.76784
5.47788
3.0479
4.55247
3.90193
1.52935
2.59642
6.93756
-5.06068
5.43379
-2.81984
2.55979
0.848861
1.65212
-0.130582
3.13456
4.57975
3.59595
1.37947
1.28949
0.175227
-1.63174
4.58362
3.35747
-1.20585
6.61799
3.45858
2.40299
0.884192
5.51978
1.98081
0.443488
0.799574
4.88945
2.54842
1.00695
4.48072
2.03613
4.7301
4.21107
2.6344
5.82818
3.6765
9.31893
5.28421
1.63359
2.86938
0.389271
5.15061
4.27503
4.32232
5.4692
4.25504
6.28662
2.98213
2.08305
3.29517
2.21001
2.21512
2.95131
1.56523
2.03666
3.54271
5.85092
3.22199
3.44095
7.99291
1.15945
0.427628
-0.993457
3.41632
2.10685
1.85456
-0.59203
2.664
3.45063
0.343181
2.33135
2.5686
3.38676
-1.56971
-3.66753
-4.26522
3.39798
2.97653
5.28072
1.06903
0.578161
2.12033
4.64103
2.88539
1.91878
3.01144
3.47427
3.46166
3.77864
5.54997
5.30029
5.45027
3.53603
2.78876
2.73451
4.18647
3.17165
-2.12612
0.333222
4.2848
5.87353
3.19447
-0.480484
0.513711
2.0641
3.02602
2.35916
1.60391
7.00769
2.72383
3.58069
2.54424
2.0167
-4.2187
-2.05067
3.04492
8.11493
3.24909
5.04178
6.04508
7.62538
3.0007
6.77997
3.11147
0.539789
7.20565
-0.122381
5.11927
4.16479
3.40064
0.00484174
0.944838
1.66619
1.29092
5.85235
2.54332
1.27984
2.83404
4.96798
3.98512
2.50866
1.61919
1.07829
2.79039
2.33354
1.95163
1.54725
2.845
2.29734
3.47358
2.97158
2.42894
3.00463
3.48885
1.53189
2.61312
1.91157
-0.137474
0.271231
3.49483
2.3132
4.27757
5.88669
1.79352
5.33545
2.8371
9.30427
1.67717
8.11835
3.94617
1.389
4.62952
7.30909
4.16088
3.83344
5.16839
4.8011
4.04839
1.58693
3.45831
2.94896
3.3073
3.34431
3.63118
0.607313
0.536362
0.441963
3.2777
5.36504
2.35698
1.03433
0.453632
-3.69215
2.16744
2.09188
3.73626
1.71092
0.52958
3.46213
2.14258
3.40305
5.00464
5.45933
2.00847
-1.00309
5.25182
3.86399
1.12617
2.8189
2.65711
4.15285
0.381557
4.18016
4.22972
4.08013
4.29226
-5.03267
2.91078
8.52642
2.91137
5.24872
1.76845
1.57771
-3.23056
2.47403
1.29879
8.90889
2.13563
4.13021
6.93874
1.49071
2.80504
2.6215
7.16532
4.38942
0.474462
1.5443
2.13249
2.92898
-3.74904
3.03444
0.799694
3.84947
5.98271
4.79844
1.31909
1.42433
-0.127986
1.33445
4.66225
2.38997
0.236469
12.0096
1.10318
4.55362
7.97507
2.78337
3.59894
2.70508
1.39389
5.14811
2.43375
-0.813752
3.60284
-1.60392
2.06145
2.22856
-0.323929
4.82388
4.73964
1.94431
2.10898
3.44071
6.68641
4.02851
-0.644671
3.72175
5.56731
3.82605
1.33694
2.09099
5.94895
1.26393
-0.64451
4.0727
3.03787
3.63859
1.305
3.47475
9.01121
5.2384
1.67369
6.95487
5.88945
1.13974
-4.70858
4.99887
-5.61876
4.12409
1.84884
3.68238
2.30192
2.18105
3.13603
2.21696
1.16938
4.24671
0.224722
2.19467
4.75254
-0.212874
-2.71858
3.80331
0.614383
1.12946
1.21865
2.32281
2.35531
3.63771
3.50134
-2.70435
4.88495
3.14117
3.49191
5.35502
5.1297
1.62453
-0.574637
1.88361
2.60781
6.91822
2.63179
8.3514
2.68202
4.30266
5.57536
3.37869
2.70035
-0.210925
11.3753
5.7009
2.43722
6.27842
3.68887
2.56732
7.31307
2.63323
2.75077
3.657
3.60497
3.46488
1.51521
0.181305
0.593137
8.92488
1.93825
3.16285
4.67884
2.64885
3.34183
1.50933
1.61643
4.00736
1.77808
-4.12467
3.74744
3.8067
2.42648
-0.532997
4.83132
3.38676
3.60148
-0.496258
3.24513
2.52718
2.18967
-2.8738
4.04814
1.35386
4.56189
4.96061
8.98599
-0.410357
4.34064
5.78167
4.15519
4.39264
-1.7621
2.278
3.27964
5.51238
1.73873
1.37346
1.68865
-0.514568
7.56155
2.27749
5.69787
5.95582
3.13252
5.48869
5.63596
4.58857
3.14944
7.13553
1.20288
6.7911
5.31133
3.75864
5.99463
-1.54245
7.94054
3.8405
2.08015
5.53863
6.85614
0.998307
0.586638
5.05182
1.17031
1.06398
0.993471
5.46569
5.00524
1.3342
7.7546
-1.81774
4.07402
1.83868
5.03954
-1.10722
4.55349
2.36857
2.46556
6.10894
3.53703
8.30526
3.96632
6.59961
7.58297
4.10606
-0.961961
5.15031
1.03259
6.459
4.36404
4.38065
6.46477
1.40912
2.79327
0.874648
4.17606
-1.86147
1.0821
2.80472
2.18723
2.05928
6.73139
4.58308
2.9074
7.52469
3.75046
3.59788
1.57496
0.279
-0.777555
-1.17901
2.9842
2.01388
2.4921
6.81612
1.15225
1.81184
4.50676
5.84575
3.39874
1.39322
1.25079
2.0596
2.10381
3.18201
1.86098
3.7726
7.13691
2.37107
-1.53926
0.670576
0.15363
3.3088
1.85885
-1.35443
1.65741
2.908
3.49224
3.65879
1.66332
4.87748
4.04938
0.983087
1.39867
3.69471
3.28941
3.47657
0.0177363
2.89372
8.98578
0.719633
2.43016
3.46708
1.77576
5.38629
4.65392
5.81279
3.67881
4.01787
1.29228
3.39526
-0.292239
0.0588707
3.92859
5.74221
7.82337
3.6737
-0.18428
-0.237977
2.1451
7.01186
-1.14968
3.24217
1.81943
3.13674
5.36549
6.08741
2.52207
4.12091
1.91247
1.80105
5.93951
3.57433
2.58308
3.11107
1.99666
2.81268
6.549
4.21154
3.42223
0.0256219
4.11145
2.49531
1.97443
-0.0183315
0.1027
3.94465
0.790193
2.81061
-0.777492
5.72503
4.13332
0.0562912
0.491758
8.40097
0.125079
4.06882
5.60037
1.60805
3.16756
4.5786
0.057137
1.2465
3.72936
3.82408
0.594649
5.29883
0.84719
0.818853
3.01584
1.43743
1.14558
5.9512
0.521647
2.90965
5.92531
4.26461
3.71225
3.15058
4.59133
5.15833
5.84153
5.40561
10.3638
4.86363
3.18256
0.747462
0.0265099
6.0727
1.01086
2.67927
2.27264
5.51773
4.53127
5.021
3.82628
1.5972
6.01506
2.49341
6.14876
3.19841
0.860397
3.88092
3.39508
1.15238
3.95389
4.99316
2.01463
5.19063
-4.86558
0.597009
2.81604
3.57554
2.75994
-0.366465
2.21375
2.39896
5.13658
1.69592
3.56626
4.67814
1.91467
2.92681
-0.270175
6.29518
3.31895
4.27229
3.09161
6.3708
4.96778
3.78963
3.58749
2.06693
2.85006
2.09034
4.12956
3.70618
5.88835
2.7667
2.20481
1.97764
3.05145
1.83962
1.77488
6.36978
5.5001
2.32144
2.4836
3.74206
4.59081
3.57505
3.5944
3.13782
2.71663
3.52885
2.16053
3.94881
2.17623
3.05648
-2.51698
2.57108
1.80117
1.22949
0.956839
8.76405
4.64061
7.3308
0.415603
2.11581
-0.189722
4.63892
2.43428
2.85445
4.55147
7.35933
5.76643
3.92119
1.61439
2.94595
4.55232
0.508334
1.75722
1.27135
2.50748
4.08071
2.71015
4.85279
-0.0986722
-3.33257
4.21517
1.32282
5.76054
2.22846
2.82824
3.06114
4.00413
5.01891
3.7978
5.00937
5.72401
4.70206
4.20749
1.06778
4.35398
5.48186
1.92461
3.25628
0.812735
-0.463639
-0.0474804
3.35967
3.55424
8.73455
1.98935
2.61218
4.75426
0.525017
4.562
8.97806
4.81776
3.68193
6.66208
2.51117
3.60561
4.29635
2.93933
4.182
-7.34686
-1.9483
3.81528
10.0836
3.64456
1.77124
5.22472
-0.541201
0.245187
-0.309857
-1.4288
5.08995
5.47441
-2.88194
7.1671
1.40263
4.71531
3.74641
3.4611
4.62227
4.04644
3.25526
2.08002
9.51184
1.10511
5.66691
1.3271
10.0311
2.35321
2.37058
2.2112
4.07797
6.06428
3.61896
3.32701
1.79106
-1.21828
3.09851
5.11005
4.59202
1.87231
4.00728
4.78554
-0.923021
0.344294
4.58111
4.58868
2.72753
3.14582
3.91267
3.06799
3.90389
7.75227
4.15093
3.89433
1.41464
2.4764
4.68356
3.44291
8.02012
1.61325
3.69537
4.50952
3.16967
-3.39339
5.10153
-1.65874
0.329466
0.088095
-0.557756
4.01751
0.716533
-0.538671
3.6003
2.99568
5.65971
5.56582
4.59543
2.99778
4.10148
4.8987
-1.16279
3.29674
2.64337
1.46475
3.01932
6.10545
0.311562
1.93008
6.14844
4.10639
1.18162
2.67174
2.20472
5.0044
0.861415
3.6968
-2.63036
3.81522
3.02831
4.5019
1.01686
2.76853
4.38497
6.98914
2.87671
3.00723
3.49145
4.6412
3.00604
9.63386
-0.233002
3.98326
5.53731
4.48006
5.1877
1.76306
4.30895
3.78665
1.65287
4.42918
1.90708
1.98079
1.06568
5.6335
2.09306
1.0862
3.86262
2.62719
3.18403
3.07141
5.43942
1.04229
6.50907
6.11667
3.19126
3.23291
3.11455
1.99611
4.32208
3.33854
5.84925
2.7524
2.51975
3.51138
7.40389
6.78508
2.64778
3.58573
3.68634
-5.92655
5.57917
3.00934
0.375906
2.43353
5.40811
3.89285
6.39789
4.35189
0.398771
7.50298
4.12139
4.20158
3.02366
1.88416
2.94808
7.85566
4.05225
-0.216988
7.19898
3.52169
2.24653
4.20962
1.03616
3.85211
1.39825
2.51143
6.08297
3.06134
6.2092
3.5254
2.62594
5.77745
2.85188
0.2155
-1.19821
-0.591659
2.76886
-0.841507
4.38098
2.32893
3.76491
6.35663
1.65888
2.88882
5.74904
-0.529309
5.90397
2.23502
0.429486
4.98371
3.51869
4.64314
3.24685
4.04079
0.429452
1.83361
4.08889
5.38285
4.22653
1.92071
3.96746
3.87227
1.27467
4.96681
5.88393
0.634662
3.75668
3.77095
2.48009
3.16447
6.48821
5.89276
3.27547
